Threads, Bits, Time
1, 9, 10922.5 
1, 17, 12547.04 
1, 25, 50357.03 
1, 33, 53476.26 
1, 65, 324774.33 
1, 129, 396503.06 
1, 191, 288638.5 
2, 9, 8865.35 
2, 17, 10880.01 
2, 25, 45557.43 
2, 33, 46103.94 
2, 65, 264029.46 
2, 129, 357321.66 
2, 191, 287572.64 
3, 9, 7879.69 
3, 17, 9249.65 
3, 25, 41054.01 
3, 33, 41062.23 
3, 65, 227063.64 
3, 129, 316280.74 
3, 191, 263355.87 
4, 9, 8439.49 
4, 17, 8778.62 
4, 25, 37840.96 
4, 33, 37865.76 
4, 65, 225526.24 
4, 129, 304658.03 
4, 191, 253969.92 
5, 9, 7870.07 
5, 17, 8899.76 
5, 25, 33885.52 
5, 33, 35603.49 
5, 65, 251837.97 
5, 129, 294251.98 
5, 191, 243486.55 
6, 9, 7698.61 
6, 17, 8724.58 
6, 25, 32665.79 
6, 33, 35570.15 
6, 65, 211475.02 
6, 129, 291489.78 
6, 191, 225629.12 
7, 9, 7509.88 
7, 17, 9049.24 
7, 25, 32754.05 
7, 33, 36210.09 
7, 65, 209483.86 
7, 129, 275482.81 
7, 191, 231763.63 
8, 9, 7425.53 
8, 17, 8924.79 
8, 25, 32966.25 
8, 33, 34631.67 
8, 65, 208545.79 
8, 129, 271109.29 
8, 191, 221455.65 
9, 9, 7472.74 
9, 17, 9305.84 
9, 25, 32762.7 
9, 33, 34640.67 
9, 65, 207158.92 
9, 129, 279748.08 
9, 191, 225613.38 
10, 9, 7464.8 
10, 17, 8996.32 
10, 25, 31614.21 
10, 33, 33031.75 
10, 65, 205520.85 
10, 129, 280388.19 
10, 191, 218215.37 
11, 9, 7193.18 
11, 17, 9994.04 
11, 25, 33361.37 
11, 33, 32997.25 
11, 65, 203752.9 
11, 129, 274322.04 
11, 191, 217635.29 
12, 9, 7361.22 
12, 17, 8831.79 
12, 25, 31544.77 
12, 33, 34094.71 
12, 65, 201874.39 
12, 129, 274804.66 
12, 191, 215357.13 
13, 9, 7420.16 
13, 17, 8636.06 
13, 25, 31976.25 
13, 33, 33110.62 
13, 65, 201112.71 
13, 129, 273716.29 
13, 191, 217101.84 
14, 9, 7251.59 
14, 17, 8994.4 
14, 25, 32572.57 
14, 33, 32767.07 
14, 65, 204000.89 
14, 129, 274911.49 
14, 191, 218302.92 
15, 9, 7286.96 
15, 17, 8579.62 
15, 25, 31631.49 
15, 33, 31927.01 
15, 65, 200905.91 
15, 129, 273120.58 
15, 191, 210234.76 
16, 9, 7191.04 
16, 17, 8471.79 
16, 25, 31392.66 
16, 33, 32331.33 
16, 65, 200184.2 
16, 129, 261016.02 
16, 191, 203214.53 
17, 9, 7302.08 
17, 17, 8824.92 
17, 25, 30831.36 
17, 33, 33372.69 
17, 65, 203046.16 
17, 129, 270366.62 
17, 191, 206799.89 
18, 9, 7049.5 
18, 17, 8225.16 
18, 25, 31255.26 
18, 33, 32819.42 
18, 65, 204985.19 
18, 129, 272357.51 
18, 191, 211070.15 
19, 9, 7419.55 
19, 17, 8548.72 
19, 25, 32777.53 
19, 33, 34241.7 
19, 65, 198661.53 
19, 129, 273170.33 
19, 191, 211131.1 
20, 9, 8067.1 
20, 17, 8508.51 
20, 25, 31597.25 
20, 33, 33347.46 
20, 65, 203263.87 
20, 129, 270641.93 
20, 191, 211306.0 
21, 9, 7201.4 
21, 17, 8405.66 
21, 25, 31044.28 
21, 33, 32603.56 
21, 65, 197783.52 
21, 129, 260993.79 
21, 191, 206028.35 
22, 9, 7198.7 
22, 17, 8492.98 
22, 25, 30866.78 
22, 33, 33349.97 
22, 65, 199342.91 
22, 129, 258774.4 
22, 191, 208848.94 
23, 9, 7025.69 
23, 17, 8243.71 
23, 25, 30275.09 
23, 33, 33315.85 
23, 65, 202050.75 
23, 129, 262247.45 
23, 191, 209949.52 
24, 9, 7928.93 
24, 17, 8541.47 
24, 25, 31729.32 
24, 33, 32013.51 
24, 65, 203528.98 
24, 129, 263794.1 
24, 191, 226027.03 
25, 9, 8051.49 
25, 17, 9828.99 
25, 25, 30607.11 
25, 33, 31959.5 
25, 65, 220985.5 
25, 129, 283697.7 
25, 191, 208548.09 
